{
 "cells": [
  {
   "cell_type": "code",
   "execution_count": 41,
   "metadata": {},
   "outputs": [
    {
     "name": "stderr",
     "output_type": "stream",
     "text": [
      "[nltk_data] Downloading package vader_lexicon to\n",
      "[nltk_data]     C:\\Users\\dvjr2\\AppData\\Roaming\\nltk_data...\n"
     ]
    },
    {
     "data": {
      "text/plain": [
       "True"
      ]
     },
     "execution_count": 41,
     "metadata": {},
     "output_type": "execute_result"
    }
   ],
   "source": [
    "import re\n",
    "import csv\n",
    "import random\n",
    "\n",
    "from nltk.classify import NaiveBayesClassifier\n",
    "from nltk.corpus import subjectivity\n",
    "from nltk.sentiment import SentimentAnalyzer\n",
    "from nltk.sentiment.util import *\n",
    "from nltk.sentiment.vader import SentimentIntensityAnalyzer\n",
    "nltk.download('vader_lexicon')"
   ]
  },
  {
   "cell_type": "code",
   "execution_count": null,
   "metadata": {},
   "outputs": [],
   "source": [
    "# process initial file to convert to two rows (review, sentiment)\n",
    "file = open('moviereview_v2.csv', 'w')\n",
    "\n",
    "with open('moviereview.csv') as csvfile:\n",
    "    reader = csv.reader(csvfile, delimiter = ',')\n",
    "    for row in reader:\n",
    "        sentiment = row[-1]\n",
    "        row.pop()  \n",
    "        file.write(re.sub('\\W+',' ', ''.join(row)) + ',' + sentiment+'\\n')\n",
    "        \n",
    "file.close()"
   ]
  },
  {
   "cell_type": "code",
   "execution_count": 35,
   "metadata": {},
   "outputs": [],
   "source": [
    "# format for sentiment analysis\n",
    "docs = []\n",
    "docs_v =[]\n",
    "\n",
    "with open('moviereview_v2.csv') as csvfile:\n",
    "    reader = csv.reader(csvfile, delimiter = ',')\n",
    "    for row in reader:\n",
    "        \n",
    "        docs.append((row[0].split(), row[1]))\n",
    "        docs_v.append(row[0])"
   ]
  },
  {
   "cell_type": "code",
   "execution_count": 45,
   "metadata": {},
   "outputs": [],
   "source": [
    "len(docs)\n",
    "docs = docs[1:] # get rid of header\n",
    "\n",
    "# shuffle so not in order\n",
    "random.shuffle(docs)\n",
    "random.shuffle(docs)\n",
    "random.shuffle(docs)\n",
    "\n",
    "# create training and test docs\n",
    "train_docs = docs[:1800]\n",
    "test_docs = docs[1800:]"
   ]
  },
  {
   "cell_type": "markdown",
   "metadata": {},
   "source": [
    "# Sentiment Analyzer"
   ]
  },
  {
   "cell_type": "code",
   "execution_count": 29,
   "metadata": {},
   "outputs": [
    {
     "data": {
      "text/plain": [
       "18236"
      ]
     },
     "execution_count": 29,
     "metadata": {},
     "output_type": "execute_result"
    }
   ],
   "source": [
    "sentim_analyzer = SentimentAnalyzer()\n",
    "\n",
    "all_words_neg = sentim_analyzer.all_words([mark_negation(doc) for doc in train_docs])\n",
    "\n",
    "unigram_feats = sentim_analyzer.unigram_word_feats(all_words_neg, min_freq=4)\n",
    "\n",
    "len(unigram_feats)"
   ]
  },
  {
   "cell_type": "code",
   "execution_count": 33,
   "metadata": {},
   "outputs": [
    {
     "name": "stdout",
     "output_type": "stream",
     "text": [
      "Training classifier\n"
     ]
    }
   ],
   "source": [
    "sentim_analyzer.add_feat_extractor(extract_unigram_feats, unigrams=unigram_feats)\n",
    "training_set = sentim_analyzer.apply_features(train_docs)\n",
    "test_set = sentim_analyzer.apply_features(test_docs)\n",
    "\n",
    "trainer = NaiveBayesClassifier.train\n",
    "classifier = sentim_analyzer.train(trainer, training_set)"
   ]
  },
  {
   "cell_type": "code",
   "execution_count": 34,
   "metadata": {},
   "outputs": [
    {
     "name": "stdout",
     "output_type": "stream",
     "text": [
      "Evaluating NaiveBayesClassifier results...\n",
      "Accuracy: 0.8407960199004975\n",
      "F-measure [neg]: 0.8504672897196263\n",
      "F-measure [pos]: 0.8297872340425531\n",
      "Precision [neg]: 0.8348623853211009\n",
      "Precision [pos]: 0.8478260869565217\n",
      "Recall [neg]: 0.8666666666666667\n",
      "Recall [pos]: 0.8125\n"
     ]
    }
   ],
   "source": [
    "for key,value in sorted(sentim_analyzer.evaluate(test_set).items()):\n",
    "    print('{0}: {1}'.format(key, value))"
   ]
  },
  {
   "cell_type": "markdown",
   "metadata": {},
   "source": [
    "# Vader"
   ]
  },
  {
   "cell_type": "code",
   "execution_count": 48,
   "metadata": {},
   "outputs": [],
   "source": [
    "random.shuffle(docs_v)\n",
    "random.shuffle(docs_v)\n",
    "random.shuffle(docs_v)"
   ]
  },
  {
   "cell_type": "code",
   "execution_count": 46,
   "metadata": {},
   "outputs": [],
   "source": [
    "docs_v = docs_v[1:]"
   ]
  },
  {
   "cell_type": "code",
   "execution_count": 53,
   "metadata": {},
   "outputs": [
    {
     "name": "stdout",
     "output_type": "stream",
     "text": [
      "compound: 0.989, neg: 0.115, neu: 0.734, pos: 0.151, \n",
      "compound: -0.9688, neg: 0.127, neu: 0.79, pos: 0.083, \n",
      "compound: 0.9365, neg: 0.131, neu: 0.732, pos: 0.137, \n",
      "compound: 0.4917, neg: 0.12, neu: 0.757, pos: 0.123, \n",
      "compound: -0.9765, neg: 0.116, neu: 0.788, pos: 0.095, \n",
      "compound: 0.8808, neg: 0.122, neu: 0.728, pos: 0.15, \n",
      "compound: -0.9942, neg: 0.161, neu: 0.759, pos: 0.08, \n",
      "compound: -0.7824, neg: 0.11, neu: 0.775, pos: 0.114, \n",
      "compound: 0.999, neg: 0.079, neu: 0.752, pos: 0.17, \n",
      "compound: -0.9625, neg: 0.156, neu: 0.736, pos: 0.109, \n",
      "compound: 0.9991, neg: 0.06, neu: 0.72, pos: 0.219, \n",
      "compound: 0.9971, neg: 0.07, neu: 0.786, pos: 0.144, \n",
      "compound: 0.3075, neg: 0.117, neu: 0.766, pos: 0.116, \n",
      "compound: 0.9989, neg: 0.04, neu: 0.822, pos: 0.138, \n",
      "compound: 0.2579, neg: 0.094, neu: 0.822, pos: 0.084, \n",
      "compound: 0.0929, neg: 0.121, neu: 0.756, pos: 0.123, \n",
      "compound: 0.9962, neg: 0.129, neu: 0.702, pos: 0.169, \n",
      "compound: 0.9936, neg: 0.051, neu: 0.797, pos: 0.152, \n",
      "compound: 0.9977, neg: 0.072, neu: 0.792, pos: 0.136, \n",
      "compound: 0.8228, neg: 0.094, neu: 0.805, pos: 0.1, \n",
      "compound: 0.969, neg: 0.014, neu: 0.812, pos: 0.174, \n",
      "compound: -0.9962, neg: 0.162, neu: 0.736, pos: 0.102, \n",
      "compound: 0.1186, neg: 0.101, neu: 0.787, pos: 0.111, \n",
      "compound: 0.9959, neg: 0.129, neu: 0.692, pos: 0.179, \n",
      "compound: 0.9975, neg: 0.09, neu: 0.762, pos: 0.148, \n",
      "compound: 0.9927, neg: 0.057, neu: 0.767, pos: 0.176, \n",
      "compound: 0.9447, neg: 0.084, neu: 0.788, pos: 0.129, \n",
      "compound: 0.8402, neg: 0.093, neu: 0.803, pos: 0.103, \n",
      "compound: 0.9735, neg: 0.071, neu: 0.794, pos: 0.135, \n",
      "compound: 0.9973, neg: 0.078, neu: 0.768, pos: 0.154, \n",
      "compound: 0.9656, neg: 0.117, neu: 0.736, pos: 0.147, \n",
      "compound: -0.9696, neg: 0.153, neu: 0.75, pos: 0.097, \n",
      "compound: 0.9987, neg: 0.079, neu: 0.742, pos: 0.179, \n",
      "compound: 0.9978, neg: 0.048, neu: 0.719, pos: 0.233, \n",
      "compound: -0.9713, neg: 0.175, neu: 0.705, pos: 0.12, \n",
      "compound: 0.9978, neg: 0.086, neu: 0.743, pos: 0.171, \n",
      "compound: 0.9953, neg: 0.114, neu: 0.713, pos: 0.173, \n",
      "compound: 0.9651, neg: 0.116, neu: 0.719, pos: 0.165, \n",
      "compound: 0.9936, neg: 0.039, neu: 0.837, pos: 0.124, \n",
      "compound: 0.9526, neg: 0.09, neu: 0.802, pos: 0.108, \n",
      "compound: 0.9667, neg: 0.076, neu: 0.823, pos: 0.101, \n",
      "compound: -0.9942, neg: 0.18, neu: 0.733, pos: 0.087, \n",
      "compound: 0.9996, neg: 0.084, neu: 0.746, pos: 0.17, \n",
      "compound: -0.9968, neg: 0.159, neu: 0.772, pos: 0.069, \n",
      "compound: 0.9929, neg: 0.14, neu: 0.659, pos: 0.201, \n",
      "compound: 0.9867, neg: 0.107, neu: 0.751, pos: 0.142, \n",
      "compound: 0.7785, neg: 0.024, neu: 0.927, pos: 0.05, \n",
      "compound: -0.9928, neg: 0.155, neu: 0.756, pos: 0.089, \n",
      "compound: 0.7074, neg: 0.073, neu: 0.843, pos: 0.084, \n",
      "compound: 0.9586, neg: 0.089, neu: 0.796, pos: 0.115, \n",
      "compound: -0.9222, neg: 0.128, neu: 0.787, pos: 0.085, \n",
      "compound: -0.445, neg: 0.123, neu: 0.748, pos: 0.128, \n",
      "compound: 0.9992, neg: 0.055, neu: 0.754, pos: 0.191, \n",
      "compound: 0.9923, neg: 0.068, neu: 0.784, pos: 0.148, \n",
      "compound: -0.5215, neg: 0.117, neu: 0.772, pos: 0.111, \n",
      "compound: 0.9934, neg: 0.092, neu: 0.772, pos: 0.136, \n",
      "compound: -0.9918, neg: 0.156, neu: 0.763, pos: 0.081, \n",
      "compound: 0.9622, neg: 0.093, neu: 0.786, pos: 0.122, \n",
      "compound: 0.9989, neg: 0.109, neu: 0.679, pos: 0.212, \n",
      "compound: 0.9949, neg: 0.07, neu: 0.791, pos: 0.139, \n",
      "compound: -0.9159, neg: 0.139, neu: 0.757, pos: 0.104, \n",
      "compound: 0.941, neg: 0.117, neu: 0.742, pos: 0.141, \n",
      "compound: -0.9662, neg: 0.124, neu: 0.785, pos: 0.091, \n",
      "compound: 0.9985, neg: 0.073, neu: 0.796, pos: 0.131, \n",
      "compound: -0.9854, neg: 0.141, neu: 0.756, pos: 0.102, \n",
      "compound: 0.994, neg: 0.09, neu: 0.771, pos: 0.139, \n",
      "compound: 0.2177, neg: 0.169, neu: 0.654, pos: 0.177, \n",
      "compound: 0.9835, neg: 0.102, neu: 0.746, pos: 0.152, \n",
      "compound: -0.9934, neg: 0.181, neu: 0.706, pos: 0.113, \n",
      "compound: 0.9614, neg: 0.07, neu: 0.799, pos: 0.13, \n",
      "compound: -0.9969, neg: 0.193, neu: 0.691, pos: 0.117, \n",
      "compound: 0.9996, neg: 0.078, neu: 0.694, pos: 0.228, \n",
      "compound: 0.999, neg: 0.044, neu: 0.813, pos: 0.143, \n",
      "compound: 0.9275, neg: 0.076, neu: 0.83, pos: 0.094, \n",
      "compound: 0.7292, neg: 0.098, neu: 0.791, pos: 0.111, \n",
      "compound: 0.0596, neg: 0.093, neu: 0.807, pos: 0.1, \n",
      "compound: 0.9967, neg: 0.059, neu: 0.753, pos: 0.188, \n",
      "compound: 0.875, neg: 0.071, neu: 0.846, pos: 0.083, \n",
      "compound: 0.5518, neg: 0.096, neu: 0.792, pos: 0.111, \n",
      "compound: 0.9978, neg: 0.094, neu: 0.711, pos: 0.195, \n",
      "compound: 0.9746, neg: 0.088, neu: 0.793, pos: 0.119, \n",
      "compound: 0.98, neg: 0.082, neu: 0.801, pos: 0.117, \n",
      "compound: -0.9882, neg: 0.113, neu: 0.826, pos: 0.061, \n",
      "compound: -0.9244, neg: 0.104, neu: 0.793, pos: 0.103, \n",
      "compound: 0.9996, neg: 0.088, neu: 0.711, pos: 0.201, \n",
      "compound: 0.9968, neg: 0.034, neu: 0.693, pos: 0.272, \n",
      "compound: 0.956, neg: 0.11, neu: 0.749, pos: 0.14, \n",
      "compound: 0.9916, neg: 0.056, neu: 0.819, pos: 0.126, \n",
      "compound: 0.9949, neg: 0.12, neu: 0.673, pos: 0.206, \n",
      "compound: -0.995, neg: 0.169, neu: 0.689, pos: 0.141, \n",
      "compound: 0.999, neg: 0.07, neu: 0.719, pos: 0.211, \n",
      "compound: -0.6515, neg: 0.185, neu: 0.633, pos: 0.183, \n",
      "compound: 0.9937, neg: 0.112, neu: 0.728, pos: 0.16, \n",
      "compound: 0.9974, neg: 0.066, neu: 0.735, pos: 0.199, \n",
      "compound: -0.9567, neg: 0.129, neu: 0.761, pos: 0.109, \n",
      "compound: -0.9942, neg: 0.143, neu: 0.779, pos: 0.077, \n",
      "compound: 0.974, neg: 0.075, neu: 0.818, pos: 0.107, \n",
      "compound: -0.9976, neg: 0.169, neu: 0.737, pos: 0.094, \n",
      "compound: 0.9304, neg: 0.051, neu: 0.852, pos: 0.097, \n",
      "compound: 0.9974, neg: 0.061, neu: 0.787, pos: 0.152, \n",
      "compound: 0.9225, neg: 0.129, neu: 0.721, pos: 0.149, \n",
      "compound: 0.9976, neg: 0.084, neu: 0.752, pos: 0.164, \n",
      "compound: 0.9867, neg: 0.084, neu: 0.778, pos: 0.138, \n",
      "compound: 0.9927, neg: 0.069, neu: 0.791, pos: 0.14, \n",
      "compound: 0.997, neg: 0.073, neu: 0.755, pos: 0.172, \n",
      "compound: -0.9766, neg: 0.149, neu: 0.722, pos: 0.129, \n",
      "compound: 0.927, neg: 0.13, neu: 0.712, pos: 0.158, \n",
      "compound: -0.9827, neg: 0.13, neu: 0.762, pos: 0.108, \n",
      "compound: -0.9097, neg: 0.136, neu: 0.743, pos: 0.121, \n",
      "compound: -0.9629, neg: 0.147, neu: 0.737, pos: 0.116, \n",
      "compound: 0.8802, neg: 0.13, neu: 0.724, pos: 0.146, \n",
      "compound: 0.9961, neg: 0.109, neu: 0.719, pos: 0.172, \n",
      "compound: 0.9961, neg: 0.105, neu: 0.734, pos: 0.161, \n",
      "compound: 0.9977, neg: 0.056, neu: 0.787, pos: 0.157, \n",
      "compound: 0.8477, neg: 0.116, neu: 0.758, pos: 0.126, \n",
      "compound: 0.9987, neg: 0.065, neu: 0.733, pos: 0.202, \n",
      "compound: 0.9963, neg: 0.041, neu: 0.845, pos: 0.114, \n",
      "compound: 0.9982, neg: 0.122, neu: 0.669, pos: 0.209, \n",
      "compound: 0.987, neg: 0.083, neu: 0.784, pos: 0.133, \n",
      "compound: 0.9857, neg: 0.068, neu: 0.799, pos: 0.133, \n",
      "compound: 0.5473, neg: 0.089, neu: 0.814, pos: 0.097, \n",
      "compound: 0.9977, neg: 0.05, neu: 0.826, pos: 0.124, \n",
      "compound: 0.9136, neg: 0.096, neu: 0.783, pos: 0.121, \n",
      "compound: 0.9886, neg: 0.142, neu: 0.669, pos: 0.188, \n",
      "compound: 0.9989, neg: 0.053, neu: 0.777, pos: 0.17, \n",
      "compound: 0.9965, neg: 0.085, neu: 0.776, pos: 0.139, \n",
      "compound: 0.9835, neg: 0.093, neu: 0.778, pos: 0.129, \n",
      "compound: 0.9954, neg: 0.068, neu: 0.784, pos: 0.148, \n",
      "compound: 0.9213, neg: 0.097, neu: 0.745, pos: 0.158, \n",
      "compound: 0.9975, neg: 0.064, neu: 0.712, pos: 0.225, \n",
      "compound: -0.9632, neg: 0.134, neu: 0.758, pos: 0.107, \n",
      "compound: 0.9936, neg: 0.072, neu: 0.786, pos: 0.141, \n",
      "compound: -0.9702, neg: 0.104, neu: 0.851, pos: 0.045, \n",
      "compound: 0.9872, neg: 0.048, neu: 0.782, pos: 0.171, \n",
      "compound: 0.9921, neg: 0.061, neu: 0.809, pos: 0.131, \n",
      "compound: -0.8432, neg: 0.125, neu: 0.786, pos: 0.089, \n",
      "compound: 0.9893, neg: 0.093, neu: 0.784, pos: 0.123, \n",
      "compound: 0.984, neg: 0.106, neu: 0.723, pos: 0.171, \n",
      "compound: 0.9883, neg: 0.091, neu: 0.77, pos: 0.139, \n",
      "compound: 0.9481, neg: 0.102, neu: 0.736, pos: 0.162, \n",
      "compound: 0.9768, neg: 0.114, neu: 0.74, pos: 0.145, \n",
      "compound: 0.9802, neg: 0.086, neu: 0.786, pos: 0.128, \n",
      "compound: 0.9913, neg: 0.063, neu: 0.796, pos: 0.14, \n",
      "compound: -0.9913, neg: 0.178, neu: 0.682, pos: 0.139, \n",
      "compound: -0.9407, neg: 0.118, neu: 0.797, pos: 0.085, \n",
      "compound: 0.1956, neg: 0.091, neu: 0.807, pos: 0.102, \n",
      "compound: 0.8856, neg: 0.067, neu: 0.834, pos: 0.099, \n",
      "compound: 0.9209, neg: 0.116, neu: 0.752, pos: 0.133, \n",
      "compound: 0.9922, neg: 0.043, neu: 0.856, pos: 0.102, \n",
      "compound: 0.9964, neg: 0.07, neu: 0.761, pos: 0.169, \n",
      "compound: 0.9924, neg: 0.116, neu: 0.721, pos: 0.163, \n",
      "compound: 0.8964, neg: 0.105, neu: 0.759, pos: 0.136, \n",
      "compound: -0.9523, neg: 0.154, neu: 0.715, pos: 0.131, \n",
      "compound: 0.98, neg: 0.078, neu: 0.823, pos: 0.099, \n",
      "compound: 0.2507, neg: 0.112, neu: 0.764, pos: 0.124, \n",
      "compound: 0.9961, neg: 0.094, neu: 0.725, pos: 0.181, \n",
      "compound: -0.9442, neg: 0.125, neu: 0.808, pos: 0.067, \n"
     ]
    },
    {
     "name": "stdout",
     "output_type": "stream",
     "text": [
      "compound: -0.9134, neg: 0.094, neu: 0.826, pos: 0.08, \n",
      "compound: -0.8648, neg: 0.114, neu: 0.794, pos: 0.092, \n",
      "compound: 0.938, neg: 0.117, neu: 0.743, pos: 0.14, \n",
      "compound: 0.9936, neg: 0.081, neu: 0.772, pos: 0.147, \n",
      "compound: -0.9445, neg: 0.108, neu: 0.793, pos: 0.099, \n",
      "compound: 0.9981, neg: 0.069, neu: 0.747, pos: 0.184, \n",
      "compound: 0.9806, neg: 0.114, neu: 0.728, pos: 0.157, \n",
      "compound: -0.9608, neg: 0.139, neu: 0.754, pos: 0.107, \n",
      "compound: -0.8738, neg: 0.105, neu: 0.799, pos: 0.096, \n",
      "compound: 0.9912, neg: 0.086, neu: 0.696, pos: 0.218, \n",
      "compound: 0.9935, neg: 0.073, neu: 0.76, pos: 0.167, \n",
      "compound: 0.2839, neg: 0.093, neu: 0.813, pos: 0.095, \n",
      "compound: -0.7895, neg: 0.08, neu: 0.852, pos: 0.068, \n",
      "compound: 0.9016, neg: 0.07, neu: 0.851, pos: 0.08, \n",
      "compound: 0.9936, neg: 0.078, neu: 0.791, pos: 0.13, \n",
      "compound: 0.9751, neg: 0.097, neu: 0.769, pos: 0.134, \n",
      "compound: 0.4829, neg: 0.124, neu: 0.743, pos: 0.133, \n",
      "compound: -0.9921, neg: 0.17, neu: 0.734, pos: 0.096, \n",
      "compound: 0.9961, neg: 0.07, neu: 0.764, pos: 0.166, \n",
      "compound: 0.9965, neg: 0.059, neu: 0.807, pos: 0.134, \n",
      "compound: -0.9864, neg: 0.149, neu: 0.767, pos: 0.084, \n",
      "compound: 0.997, neg: 0.048, neu: 0.778, pos: 0.174, \n",
      "compound: -0.9217, neg: 0.113, neu: 0.806, pos: 0.081, \n",
      "compound: 0.9893, neg: 0.054, neu: 0.811, pos: 0.135, \n",
      "compound: 0.9908, neg: 0.097, neu: 0.771, pos: 0.132, \n",
      "compound: 0.9912, neg: 0.102, neu: 0.743, pos: 0.155, \n",
      "compound: 0.9005, neg: 0.095, neu: 0.744, pos: 0.16, \n",
      "compound: 0.9956, neg: 0.057, neu: 0.75, pos: 0.192, \n",
      "compound: 0.9852, neg: 0.088, neu: 0.788, pos: 0.124, \n",
      "compound: 0.9824, neg: 0.086, neu: 0.764, pos: 0.15, \n",
      "compound: 0.9992, neg: 0.073, neu: 0.753, pos: 0.174, \n",
      "compound: 0.9217, neg: 0.102, neu: 0.777, pos: 0.121, \n",
      "compound: 0.9968, neg: 0.045, neu: 0.827, pos: 0.128, \n",
      "compound: 0.9862, neg: 0.104, neu: 0.748, pos: 0.147, \n",
      "compound: 0.9874, neg: 0.068, neu: 0.798, pos: 0.134, \n",
      "compound: 0.9957, neg: 0.083, neu: 0.756, pos: 0.161, \n",
      "compound: 0.9923, neg: 0.032, neu: 0.836, pos: 0.132, \n",
      "compound: -0.9983, neg: 0.192, neu: 0.687, pos: 0.121, \n",
      "compound: 0.9208, neg: 0.084, neu: 0.804, pos: 0.111, \n",
      "compound: 0.8106, neg: 0.114, neu: 0.745, pos: 0.141, \n",
      "compound: 0.9829, neg: 0.099, neu: 0.762, pos: 0.14, \n",
      "compound: 0.9455, neg: 0.095, neu: 0.774, pos: 0.131, \n",
      "compound: 0.9963, neg: 0.026, neu: 0.8, pos: 0.174, \n",
      "compound: 0.9939, neg: 0.091, neu: 0.783, pos: 0.125, \n",
      "compound: 0.9893, neg: 0.09, neu: 0.802, pos: 0.107, \n",
      "compound: -0.5704, neg: 0.154, neu: 0.688, pos: 0.159, \n",
      "compound: 0.9996, neg: 0.029, neu: 0.815, pos: 0.156, \n",
      "compound: 0.9983, neg: 0.071, neu: 0.732, pos: 0.197, \n",
      "compound: -0.951, neg: 0.158, neu: 0.698, pos: 0.144, \n",
      "compound: -0.999, neg: 0.195, neu: 0.745, pos: 0.06, \n",
      "compound: 0.9779, neg: 0.066, neu: 0.814, pos: 0.12, \n",
      "compound: 0.9985, neg: 0.064, neu: 0.723, pos: 0.214, \n",
      "compound: -0.8989, neg: 0.096, neu: 0.839, pos: 0.065, \n",
      "compound: 0.9966, neg: 0.037, neu: 0.774, pos: 0.189, \n",
      "compound: 0.894, neg: 0.082, neu: 0.819, pos: 0.099, \n",
      "compound: 0.9528, neg: 0.068, neu: 0.834, pos: 0.098, \n",
      "compound: 0.9078, neg: 0.074, neu: 0.826, pos: 0.1, \n",
      "compound: 0.9928, neg: 0.065, neu: 0.775, pos: 0.16, \n",
      "compound: 0.9934, neg: 0.094, neu: 0.728, pos: 0.178, \n",
      "compound: 0.9951, neg: 0.091, neu: 0.761, pos: 0.149, \n",
      "compound: 0.9427, neg: 0.108, neu: 0.766, pos: 0.126, \n",
      "compound: 0.9942, neg: 0.105, neu: 0.748, pos: 0.147, \n",
      "compound: 0.9882, neg: 0.087, neu: 0.802, pos: 0.112, \n",
      "compound: 0.901, neg: 0.044, neu: 0.864, pos: 0.092, \n",
      "compound: 0.9957, neg: 0.06, neu: 0.783, pos: 0.157, \n",
      "compound: 0.9996, neg: 0.031, neu: 0.75, pos: 0.218, \n",
      "compound: -0.9946, neg: 0.163, neu: 0.762, pos: 0.075, \n",
      "compound: -0.9501, neg: 0.105, neu: 0.826, pos: 0.069, \n",
      "compound: 0.9615, neg: 0.106, neu: 0.773, pos: 0.122, \n",
      "compound: 0.9891, neg: 0.115, neu: 0.724, pos: 0.161, \n",
      "compound: 0.9854, neg: 0.094, neu: 0.774, pos: 0.132, \n",
      "compound: 0.8166, neg: 0.109, neu: 0.77, pos: 0.121, \n",
      "compound: -0.6747, neg: 0.113, neu: 0.78, pos: 0.107, \n",
      "compound: -0.9979, neg: 0.136, neu: 0.767, pos: 0.097, \n",
      "compound: 0.9011, neg: 0.054, neu: 0.865, pos: 0.081, \n",
      "compound: 0.9804, neg: 0.081, neu: 0.797, pos: 0.122, \n",
      "compound: -0.9929, neg: 0.124, neu: 0.788, pos: 0.088, \n",
      "compound: 0.9965, neg: 0.075, neu: 0.773, pos: 0.153, \n",
      "compound: 0.9984, neg: 0.034, neu: 0.809, pos: 0.157, \n",
      "compound: 0.9794, neg: 0.037, neu: 0.833, pos: 0.13, \n",
      "compound: 0.7208, neg: 0.101, neu: 0.79, pos: 0.108, \n",
      "compound: -0.7157, neg: 0.093, neu: 0.816, pos: 0.092, \n",
      "compound: 0.988, neg: 0.145, neu: 0.676, pos: 0.179, \n",
      "compound: -0.8822, neg: 0.107, neu: 0.793, pos: 0.1, \n",
      "compound: -0.664, neg: 0.095, neu: 0.824, pos: 0.081, \n",
      "compound: 0.2146, neg: 0.07, neu: 0.855, pos: 0.075, \n",
      "compound: 0.9977, neg: 0.091, neu: 0.753, pos: 0.157, \n",
      "compound: 0.993, neg: 0.075, neu: 0.784, pos: 0.141, \n",
      "compound: 0.9968, neg: 0.051, neu: 0.799, pos: 0.151, \n",
      "compound: -0.9972, neg: 0.192, neu: 0.702, pos: 0.106, \n",
      "compound: 0.9965, neg: 0.116, neu: 0.71, pos: 0.173, \n",
      "compound: -0.7929, neg: 0.118, neu: 0.776, pos: 0.106, \n",
      "compound: 0.9953, neg: 0.075, neu: 0.742, pos: 0.183, \n",
      "compound: 0.999, neg: 0.099, neu: 0.696, pos: 0.205, \n",
      "compound: 0.1934, neg: 0.096, neu: 0.799, pos: 0.106, \n",
      "compound: 0.9969, neg: 0.06, neu: 0.771, pos: 0.169, \n",
      "compound: -0.9774, neg: 0.125, neu: 0.77, pos: 0.104, \n",
      "compound: -0.8402, neg: 0.119, neu: 0.777, pos: 0.104, \n",
      "compound: 0.9972, neg: 0.034, neu: 0.834, pos: 0.132, \n",
      "compound: 0.9967, neg: 0.068, neu: 0.773, pos: 0.159, \n",
      "compound: 0.9919, neg: 0.087, neu: 0.759, pos: 0.154, \n",
      "compound: -0.9984, neg: 0.16, neu: 0.769, pos: 0.071, \n",
      "compound: 0.987, neg: 0.109, neu: 0.744, pos: 0.147, \n",
      "compound: 0.9718, neg: 0.143, neu: 0.689, pos: 0.168, \n",
      "compound: 0.3946, neg: 0.095, neu: 0.807, pos: 0.098, \n",
      "compound: 0.9818, neg: 0.127, neu: 0.721, pos: 0.153, \n",
      "compound: 0.9924, neg: 0.071, neu: 0.767, pos: 0.162, \n",
      "compound: 0.8874, neg: 0.052, neu: 0.868, pos: 0.08, \n",
      "compound: 0.9913, neg: 0.018, neu: 0.862, pos: 0.12, \n",
      "compound: -0.9371, neg: 0.166, neu: 0.693, pos: 0.141, \n",
      "compound: 0.993, neg: 0.099, neu: 0.752, pos: 0.149, \n",
      "compound: 0.9963, neg: 0.052, neu: 0.764, pos: 0.184, \n",
      "compound: -0.8974, neg: 0.135, neu: 0.743, pos: 0.122, \n",
      "compound: 0.9895, neg: 0.089, neu: 0.784, pos: 0.127, \n",
      "compound: 0.995, neg: 0.038, neu: 0.817, pos: 0.145, \n",
      "compound: 0.9959, neg: 0.105, neu: 0.737, pos: 0.158, \n",
      "compound: 0.9969, neg: 0.097, neu: 0.683, pos: 0.22, \n",
      "compound: -0.997, neg: 0.143, neu: 0.803, pos: 0.054, \n",
      "compound: 0.9973, neg: 0.064, neu: 0.78, pos: 0.155, \n",
      "compound: -0.9842, neg: 0.165, neu: 0.76, pos: 0.075, \n",
      "compound: 0.9497, neg: 0.101, neu: 0.765, pos: 0.135, \n",
      "compound: 0.9946, neg: 0.08, neu: 0.759, pos: 0.161, \n",
      "compound: 0.9925, neg: 0.061, neu: 0.846, pos: 0.093, \n",
      "compound: 0.8369, neg: 0.099, neu: 0.798, pos: 0.103, \n",
      "compound: 0.9979, neg: 0.091, neu: 0.681, pos: 0.229, \n",
      "compound: 0.9985, neg: 0.086, neu: 0.762, pos: 0.153, \n",
      "compound: -0.9664, neg: 0.17, neu: 0.714, pos: 0.116, \n",
      "compound: -0.8872, neg: 0.116, neu: 0.774, pos: 0.11, \n",
      "compound: 0.9893, neg: 0.041, neu: 0.835, pos: 0.124, \n",
      "compound: 0.9813, neg: 0.048, neu: 0.841, pos: 0.111, \n",
      "compound: 0.9118, neg: 0.127, neu: 0.712, pos: 0.161, \n",
      "compound: -0.993, neg: 0.149, neu: 0.794, pos: 0.057, \n",
      "compound: 0.9988, neg: 0.085, neu: 0.763, pos: 0.151, \n",
      "compound: 0.9985, neg: 0.044, neu: 0.809, pos: 0.147, \n",
      "compound: -0.6613, neg: 0.084, neu: 0.84, pos: 0.077, \n",
      "compound: 0.9925, neg: 0.027, neu: 0.806, pos: 0.167, \n",
      "compound: 0.9429, neg: 0.101, neu: 0.727, pos: 0.172, \n",
      "compound: -0.8662, neg: 0.075, neu: 0.853, pos: 0.072, \n",
      "compound: 0.9996, neg: 0.066, neu: 0.748, pos: 0.186, \n",
      "compound: 0.9147, neg: 0.126, neu: 0.73, pos: 0.144, \n",
      "compound: -0.9812, neg: 0.174, neu: 0.683, pos: 0.144, \n",
      "compound: 0.9992, neg: 0.052, neu: 0.783, pos: 0.166, \n",
      "compound: -0.2717, neg: 0.146, neu: 0.7, pos: 0.154, \n",
      "compound: -0.9913, neg: 0.164, neu: 0.72, pos: 0.116, \n",
      "compound: 0.9168, neg: 0.118, neu: 0.733, pos: 0.15, \n",
      "compound: 0.9938, neg: 0.041, neu: 0.765, pos: 0.193, \n",
      "compound: 0.6561, neg: 0.111, neu: 0.76, pos: 0.129, \n",
      "compound: 0.9844, neg: 0.094, neu: 0.768, pos: 0.139, \n",
      "compound: 0.9986, neg: 0.063, neu: 0.757, pos: 0.181, \n",
      "compound: -0.9577, neg: 0.114, neu: 0.826, pos: 0.06, \n",
      "compound: -0.8668, neg: 0.093, neu: 0.84, pos: 0.067, \n",
      "compound: 0.9959, neg: 0.053, neu: 0.725, pos: 0.221, \n",
      "compound: 0.9894, neg: 0.103, neu: 0.736, pos: 0.161, \n",
      "compound: 0.3617, neg: 0.096, neu: 0.802, pos: 0.102, \n"
     ]
    },
    {
     "name": "stdout",
     "output_type": "stream",
     "text": [
      "compound: 0.9916, neg: 0.114, neu: 0.733, pos: 0.153, \n",
      "compound: 0.8376, neg: 0.138, neu: 0.705, pos: 0.157, \n",
      "compound: 0.9687, neg: 0.13, neu: 0.711, pos: 0.159, \n",
      "compound: 0.9073, neg: 0.107, neu: 0.756, pos: 0.138, \n",
      "compound: 0.9782, neg: 0.094, neu: 0.768, pos: 0.138, \n",
      "compound: -0.9838, neg: 0.152, neu: 0.715, pos: 0.133, \n",
      "compound: 0.9619, neg: 0.091, neu: 0.784, pos: 0.125, \n",
      "compound: 0.977, neg: 0.044, neu: 0.838, pos: 0.118, \n",
      "compound: 0.9985, neg: 0.057, neu: 0.774, pos: 0.169, \n",
      "compound: 0.9989, neg: 0.077, neu: 0.753, pos: 0.17, \n",
      "compound: 0.8784, neg: 0.144, neu: 0.697, pos: 0.159, \n",
      "compound: 0.9916, neg: 0.119, neu: 0.713, pos: 0.168, \n",
      "compound: 0.9988, neg: 0.107, neu: 0.712, pos: 0.18, \n",
      "compound: -0.9191, neg: 0.154, neu: 0.707, pos: 0.139, \n",
      "compound: 0.9993, neg: 0.041, neu: 0.804, pos: 0.155, \n",
      "compound: -0.9614, neg: 0.13, neu: 0.803, pos: 0.068, \n",
      "compound: 0.9892, neg: 0.07, neu: 0.809, pos: 0.121, \n",
      "compound: -0.9971, neg: 0.123, neu: 0.822, pos: 0.055, \n",
      "compound: -0.9848, neg: 0.123, neu: 0.808, pos: 0.069, \n",
      "compound: -0.8952, neg: 0.079, neu: 0.855, pos: 0.067, \n",
      "compound: 0.9561, neg: 0.084, neu: 0.746, pos: 0.17, \n",
      "compound: 0.9934, neg: 0.097, neu: 0.785, pos: 0.118, \n",
      "compound: 0.9723, neg: 0.109, neu: 0.735, pos: 0.155, \n",
      "compound: -0.9569, neg: 0.117, neu: 0.782, pos: 0.102, \n",
      "compound: 0.9709, neg: 0.11, neu: 0.766, pos: 0.124, \n",
      "compound: 0.9995, neg: 0.036, neu: 0.763, pos: 0.201, \n",
      "compound: 0.936, neg: 0.073, neu: 0.839, pos: 0.088, \n",
      "compound: 0.9939, neg: 0.111, neu: 0.732, pos: 0.157, \n",
      "compound: -0.8402, neg: 0.104, neu: 0.798, pos: 0.098, \n",
      "compound: 0.9964, neg: 0.064, neu: 0.637, pos: 0.299, \n",
      "compound: 0.9601, neg: 0.039, neu: 0.849, pos: 0.112, \n",
      "compound: -0.9497, neg: 0.13, neu: 0.75, pos: 0.12, \n",
      "compound: -0.9837, neg: 0.182, neu: 0.681, pos: 0.138, \n",
      "compound: 0.9898, neg: 0.087, neu: 0.774, pos: 0.139, \n",
      "compound: -0.5663, neg: 0.115, neu: 0.781, pos: 0.105, \n",
      "compound: -0.9553, neg: 0.13, neu: 0.761, pos: 0.109, \n",
      "compound: -0.9894, neg: 0.142, neu: 0.77, pos: 0.088, \n",
      "compound: 0.9325, neg: 0.075, neu: 0.83, pos: 0.095, \n",
      "compound: -0.9977, neg: 0.222, neu: 0.696, pos: 0.082, \n",
      "compound: 0.6642, neg: 0.08, neu: 0.823, pos: 0.097, \n",
      "compound: 0.9881, neg: 0.075, neu: 0.801, pos: 0.124, \n",
      "compound: 0.9925, neg: 0.08, neu: 0.777, pos: 0.144, \n",
      "compound: 0.9961, neg: 0.093, neu: 0.74, pos: 0.167, \n",
      "compound: -0.9991, neg: 0.186, neu: 0.756, pos: 0.058, \n",
      "compound: 0.9732, neg: 0.077, neu: 0.766, pos: 0.156, \n",
      "compound: -0.5106, neg: 0.114, neu: 0.766, pos: 0.12, \n",
      "compound: 0.9914, neg: 0.039, neu: 0.834, pos: 0.127, \n",
      "compound: -0.6118, neg: 0.135, neu: 0.733, pos: 0.132, \n",
      "compound: 0.9917, neg: 0.104, neu: 0.725, pos: 0.17, \n",
      "compound: 0.9871, neg: 0.034, neu: 0.857, pos: 0.109, \n",
      "compound: -0.9741, neg: 0.156, neu: 0.703, pos: 0.141, \n",
      "compound: 0.9957, neg: 0.106, neu: 0.742, pos: 0.152, \n",
      "compound: 0.9944, neg: 0.073, neu: 0.756, pos: 0.171, \n",
      "compound: 0.93, neg: 0.06, neu: 0.82, pos: 0.12, \n",
      "compound: 0.998, neg: 0.084, neu: 0.747, pos: 0.17, \n",
      "compound: -0.9935, neg: 0.149, neu: 0.751, pos: 0.1, \n",
      "compound: 0.9948, neg: 0.111, neu: 0.716, pos: 0.172, \n",
      "compound: 0.7783, neg: 0.071, neu: 0.851, pos: 0.078, \n",
      "compound: 0.5234, neg: 0.107, neu: 0.78, pos: 0.113, \n",
      "compound: -0.9959, neg: 0.191, neu: 0.682, pos: 0.127, \n",
      "compound: 0.9939, neg: 0.018, neu: 0.809, pos: 0.173, \n",
      "compound: -0.9943, neg: 0.165, neu: 0.712, pos: 0.123, \n",
      "compound: 0.9432, neg: 0.099, neu: 0.784, pos: 0.117, \n",
      "compound: -0.8657, neg: 0.108, neu: 0.802, pos: 0.09, \n",
      "compound: -0.9948, neg: 0.171, neu: 0.738, pos: 0.091, \n",
      "compound: -0.9976, neg: 0.175, neu: 0.717, pos: 0.108, \n",
      "compound: 0.999, neg: 0.067, neu: 0.771, pos: 0.162, \n",
      "compound: 0.8977, neg: 0.122, neu: 0.732, pos: 0.146, \n",
      "compound: 0.9962, neg: 0.06, neu: 0.762, pos: 0.178, \n",
      "compound: -0.9089, neg: 0.164, neu: 0.685, pos: 0.151, \n",
      "compound: 0.9996, neg: 0.028, neu: 0.764, pos: 0.208, \n",
      "compound: -0.9827, neg: 0.149, neu: 0.744, pos: 0.108, \n",
      "compound: 0.988, neg: 0.097, neu: 0.768, pos: 0.135, \n",
      "compound: -0.9481, neg: 0.147, neu: 0.732, pos: 0.121, \n",
      "compound: 0.9947, neg: 0.07, neu: 0.757, pos: 0.174, \n",
      "compound: 0.9756, neg: 0.089, neu: 0.78, pos: 0.131, \n",
      "compound: -0.9329, neg: 0.134, neu: 0.747, pos: 0.12, \n",
      "compound: -0.9741, neg: 0.131, neu: 0.766, pos: 0.103, \n",
      "compound: 0.9372, neg: 0.124, neu: 0.726, pos: 0.151, \n",
      "compound: -0.8505, neg: 0.127, neu: 0.75, pos: 0.123, \n",
      "compound: 0.9647, neg: 0.146, neu: 0.693, pos: 0.162, \n",
      "compound: -0.9513, neg: 0.112, neu: 0.8, pos: 0.088, \n",
      "compound: 0.9901, neg: 0.088, neu: 0.766, pos: 0.146, \n",
      "compound: 0.767, neg: 0.109, neu: 0.77, pos: 0.121, \n",
      "compound: 0.8803, neg: 0.077, neu: 0.813, pos: 0.11, \n",
      "compound: 0.9487, neg: 0.114, neu: 0.752, pos: 0.133, \n",
      "compound: -0.9971, neg: 0.177, neu: 0.734, pos: 0.089, \n",
      "compound: 0.9719, neg: 0.078, neu: 0.789, pos: 0.132, \n",
      "compound: -0.9319, neg: 0.112, neu: 0.801, pos: 0.087, \n",
      "compound: 0.9813, neg: 0.12, neu: 0.703, pos: 0.177, \n",
      "compound: 0.7863, neg: 0.138, neu: 0.719, pos: 0.143, \n",
      "compound: -0.9747, neg: 0.158, neu: 0.705, pos: 0.136, \n",
      "compound: -0.9832, neg: 0.155, neu: 0.714, pos: 0.132, \n",
      "compound: 0.9975, neg: 0.095, neu: 0.713, pos: 0.192, \n",
      "compound: 0.9751, neg: 0.123, neu: 0.728, pos: 0.149, \n",
      "compound: 0.9984, neg: 0.061, neu: 0.782, pos: 0.157, \n",
      "compound: -0.2993, neg: 0.098, neu: 0.81, pos: 0.092, \n",
      "compound: -0.3996, neg: 0.148, neu: 0.704, pos: 0.149, \n",
      "compound: -0.9806, neg: 0.124, neu: 0.776, pos: 0.1, \n",
      "compound: -0.9197, neg: 0.103, neu: 0.804, pos: 0.093, \n",
      "compound: 0.9864, neg: 0.088, neu: 0.786, pos: 0.125, \n",
      "compound: 0.9937, neg: 0.094, neu: 0.773, pos: 0.133, \n",
      "compound: 0.9984, neg: 0.056, neu: 0.784, pos: 0.159, \n",
      "compound: 0.9755, neg: 0.059, neu: 0.832, pos: 0.108, \n",
      "compound: 0.9985, neg: 0.08, neu: 0.725, pos: 0.195, \n",
      "compound: 0.9401, neg: 0.1, neu: 0.778, pos: 0.122, \n",
      "compound: 0.9993, neg: 0.03, neu: 0.793, pos: 0.177, \n",
      "compound: 0.9989, neg: 0.052, neu: 0.774, pos: 0.174, \n",
      "compound: 0.9816, neg: 0.075, neu: 0.749, pos: 0.176, \n",
      "compound: -0.1847, neg: 0.076, neu: 0.844, pos: 0.08, \n",
      "compound: 0.9594, neg: 0.059, neu: 0.861, pos: 0.08, \n",
      "compound: 0.7143, neg: 0.119, neu: 0.747, pos: 0.134, \n",
      "compound: 0.9634, neg: 0.054, neu: 0.798, pos: 0.148, \n",
      "compound: 0.9719, neg: 0.117, neu: 0.735, pos: 0.148, \n",
      "compound: 0.987, neg: 0.097, neu: 0.772, pos: 0.131, \n",
      "compound: 0.998, neg: 0.103, neu: 0.712, pos: 0.185, \n",
      "compound: -0.8917, neg: 0.125, neu: 0.762, pos: 0.113, \n",
      "compound: 0.9945, neg: 0.045, neu: 0.821, pos: 0.135, \n",
      "compound: 0.9649, neg: 0.096, neu: 0.748, pos: 0.155, \n",
      "compound: -0.9388, neg: 0.111, neu: 0.817, pos: 0.072, \n",
      "compound: 0.9835, neg: 0.091, neu: 0.777, pos: 0.132, \n",
      "compound: 0.9965, neg: 0.081, neu: 0.737, pos: 0.182, \n",
      "compound: -0.9793, neg: 0.116, neu: 0.799, pos: 0.085, \n",
      "compound: 0.9988, neg: 0.07, neu: 0.737, pos: 0.193, \n",
      "compound: 0.9972, neg: 0.106, neu: 0.692, pos: 0.203, \n",
      "compound: 0.9901, neg: 0.105, neu: 0.73, pos: 0.165, \n",
      "compound: -0.9832, neg: 0.152, neu: 0.718, pos: 0.13, \n",
      "compound: -0.9197, neg: 0.137, neu: 0.744, pos: 0.119, \n",
      "compound: -0.9446, neg: 0.086, neu: 0.863, pos: 0.051, \n",
      "compound: -0.9814, neg: 0.126, neu: 0.803, pos: 0.07, \n",
      "compound: -0.9638, neg: 0.115, neu: 0.793, pos: 0.092, \n",
      "compound: 0.9876, neg: 0.137, neu: 0.7, pos: 0.163, \n",
      "compound: 0.9978, neg: 0.081, neu: 0.775, pos: 0.144, \n",
      "compound: 0.9908, neg: 0.123, neu: 0.724, pos: 0.153, \n",
      "compound: -0.9822, neg: 0.149, neu: 0.756, pos: 0.095, \n",
      "compound: 0.9467, neg: 0.086, neu: 0.769, pos: 0.144, \n",
      "compound: 0.9539, neg: 0.115, neu: 0.749, pos: 0.136, \n",
      "compound: 0.2637, neg: 0.11, neu: 0.769, pos: 0.12, \n",
      "compound: 0.9984, neg: 0.047, neu: 0.801, pos: 0.152, \n",
      "compound: 0.9899, neg: 0.064, neu: 0.798, pos: 0.139, \n",
      "compound: 0.9908, neg: 0.088, neu: 0.735, pos: 0.177, \n",
      "compound: 0.9974, neg: 0.073, neu: 0.727, pos: 0.2, \n",
      "compound: -0.5847, neg: 0.089, neu: 0.826, pos: 0.086, \n",
      "compound: 0.1099, neg: 0.117, neu: 0.761, pos: 0.122, \n",
      "compound: 0.9996, neg: 0.067, neu: 0.724, pos: 0.209, \n",
      "compound: 0.9948, neg: 0.09, neu: 0.77, pos: 0.14, \n",
      "compound: 0.9995, neg: 0.086, neu: 0.692, pos: 0.222, \n",
      "compound: 0.9413, neg: 0.07, neu: 0.849, pos: 0.081, \n",
      "compound: 0.9985, neg: 0.095, neu: 0.737, pos: 0.168, \n",
      "compound: 0.9997, neg: 0.063, neu: 0.633, pos: 0.304, \n",
      "compound: 0.9738, neg: 0.052, neu: 0.865, pos: 0.083, \n",
      "compound: -0.991, neg: 0.173, neu: 0.709, pos: 0.118, \n",
      "compound: -0.9901, neg: 0.153, neu: 0.737, pos: 0.11, \n",
      "compound: -0.7999, neg: 0.087, neu: 0.842, pos: 0.072, \n",
      "compound: 0.9877, neg: 0.084, neu: 0.775, pos: 0.141, \n",
      "compound: -0.4937, neg: 0.136, neu: 0.733, pos: 0.131, \n",
      "compound: 0.9987, neg: 0.115, neu: 0.689, pos: 0.196, \n",
      "compound: 0.9645, neg: 0.057, neu: 0.823, pos: 0.12, \n",
      "compound: 0.7948, neg: 0.088, neu: 0.786, pos: 0.126, \n",
      "compound: 0.998, neg: 0.061, neu: 0.813, pos: 0.125, \n",
      "compound: -0.9287, neg: 0.102, neu: 0.812, pos: 0.086, \n"
     ]
    },
    {
     "name": "stdout",
     "output_type": "stream",
     "text": [
      "compound: 0.9923, neg: 0.057, neu: 0.821, pos: 0.122, \n",
      "compound: 0.9847, neg: 0.087, neu: 0.76, pos: 0.153, \n",
      "compound: -0.9787, neg: 0.13, neu: 0.8, pos: 0.07, \n",
      "compound: -0.9926, neg: 0.17, neu: 0.736, pos: 0.094, \n",
      "compound: 0.9893, neg: 0.053, neu: 0.787, pos: 0.16, \n",
      "compound: 0.9659, neg: 0.097, neu: 0.783, pos: 0.12, \n",
      "compound: 0.9993, neg: 0.038, neu: 0.782, pos: 0.181, \n",
      "compound: -0.9796, neg: 0.11, neu: 0.802, pos: 0.087, \n",
      "compound: 0.9982, neg: 0.078, neu: 0.76, pos: 0.162, \n",
      "compound: 0.9969, neg: 0.058, neu: 0.771, pos: 0.171, \n",
      "compound: 0.9442, neg: 0.079, neu: 0.788, pos: 0.133, \n",
      "compound: 0.9924, neg: 0.071, neu: 0.79, pos: 0.139, \n",
      "compound: 0.9578, neg: 0.081, neu: 0.82, pos: 0.099, \n",
      "compound: -0.9114, neg: 0.141, neu: 0.738, pos: 0.12, \n",
      "compound: -0.9734, neg: 0.121, neu: 0.812, pos: 0.067, \n",
      "compound: -0.8375, neg: 0.085, neu: 0.827, pos: 0.088, \n",
      "compound: -0.9871, neg: 0.174, neu: 0.675, pos: 0.151, \n",
      "compound: -0.9538, neg: 0.144, neu: 0.717, pos: 0.138, \n",
      "compound: 0.9991, neg: 0.03, neu: 0.836, pos: 0.135, \n",
      "compound: 0.6518, neg: 0.046, neu: 0.888, pos: 0.066, \n",
      "compound: 0.9942, neg: 0.057, neu: 0.794, pos: 0.15, \n",
      "compound: 0.9223, neg: 0.089, neu: 0.781, pos: 0.13, \n",
      "compound: 0.9947, neg: 0.061, neu: 0.796, pos: 0.143, \n",
      "compound: 0.9917, neg: 0.11, neu: 0.734, pos: 0.156, \n",
      "compound: 0.045, neg: 0.155, neu: 0.674, pos: 0.172, \n",
      "compound: 0.9562, neg: 0.037, neu: 0.89, pos: 0.073, \n",
      "compound: 0.9911, neg: 0.125, neu: 0.69, pos: 0.184, \n",
      "compound: -0.697, neg: 0.14, neu: 0.724, pos: 0.135, \n",
      "compound: 0.993, neg: 0.066, neu: 0.761, pos: 0.173, \n",
      "compound: 0.977, neg: 0.085, neu: 0.809, pos: 0.106, \n",
      "compound: 0.9149, neg: 0.078, neu: 0.816, pos: 0.107, \n",
      "compound: -0.8328, neg: 0.156, neu: 0.696, pos: 0.148, \n",
      "compound: -0.9384, neg: 0.114, neu: 0.792, pos: 0.094, \n",
      "compound: 0.9919, neg: 0.048, neu: 0.85, pos: 0.103, \n",
      "compound: 0.9858, neg: 0.066, neu: 0.818, pos: 0.116, \n",
      "compound: 0.9876, neg: 0.094, neu: 0.777, pos: 0.129, \n",
      "compound: -0.9864, neg: 0.134, neu: 0.783, pos: 0.083, \n",
      "compound: 0.989, neg: 0.067, neu: 0.805, pos: 0.128, \n",
      "compound: 0.9992, neg: 0.111, neu: 0.648, pos: 0.241, \n",
      "compound: 0.9944, neg: 0.073, neu: 0.759, pos: 0.169, \n",
      "compound: 0.9964, neg: 0.068, neu: 0.799, pos: 0.133, \n",
      "compound: 0.9943, neg: 0.079, neu: 0.785, pos: 0.136, \n",
      "compound: 0.9991, neg: 0.035, neu: 0.708, pos: 0.258, \n",
      "compound: 0.8024, neg: 0.083, neu: 0.805, pos: 0.112, \n",
      "compound: 0.9992, neg: 0.057, neu: 0.739, pos: 0.203, \n",
      "compound: 0.9899, neg: 0.025, neu: 0.898, pos: 0.077, \n",
      "compound: 0.9023, neg: 0.095, neu: 0.793, pos: 0.112, \n",
      "compound: 0.9206, neg: 0.086, neu: 0.797, pos: 0.117, \n",
      "compound: 0.9905, neg: 0.116, neu: 0.725, pos: 0.159, \n",
      "compound: 0.8045, neg: 0.086, neu: 0.817, pos: 0.097, \n",
      "compound: 0.2093, neg: 0.103, neu: 0.777, pos: 0.12, \n",
      "compound: 0.9964, neg: 0.023, neu: 0.812, pos: 0.165, \n",
      "compound: 0.8925, neg: 0.09, neu: 0.781, pos: 0.129, \n",
      "compound: 0.9986, neg: 0.105, neu: 0.729, pos: 0.167, \n",
      "compound: 0.9948, neg: 0.003, neu: 0.878, pos: 0.12, \n",
      "compound: 0.9819, neg: 0.052, neu: 0.856, pos: 0.091, \n",
